$ANSIBLE_VAULT;1.1;AES256
66643263313538353361313136666237356531376265376264343961353036616664666165653336
3866353461376265613632613734623036663161663261630a316633306666316233346131333562
38326663323661316464343332323935343565656330363235666162663237323035336538353563
3666353939623962310a343039393965376430363731336631343863333561326330343335303962
33653534313331616536643263633366366237333362316535346363663165343134393830333031
36616538633463346363356339376438323332343062623637386163633839353663663336376534
62323362663964666137343263623761343066353235366463613666616439663462303062336465
34323763306565613333613232386565353563323834643264386266336632396134653238653966
30353265373033356336383663346136373166393561343363373434616164636438663832373861
34363366343463333064613235376265633330333866613932383464383666336130636332623462
66373163613230666666656533336430353461663037363465313135356564643530323262316631
64653166636135363063303131313064623264323634363532353565336233373265326231346339
64643137303338636163326166626636613663633061626337333331653339366232333466313965
66306331333937366666383135396436306435326335323663633639346230313035346366316362
65303862643537616631633830633930333661336233663337313038316333393962656639663435
39336563653539356162623964353430333365643664653465633363333637303033356333666533
36663265386333333532646435376263343331326361363264383033393563656164306563333166
63353961356633623839633930373465396332626436303932396635623936356134666462306433
32383966393935393562386537656561646562633662316537643034653861633763366364633364
62363062366430323465613632636238393432663937643661343735336239396431623462653064
33623537666435616638373434353330623431313530326236373939373831336233366631353162
36646532336161346137393236353363316564333235623761383135383538616439363331346132
32633934386432653762393265656663636131356434376136376263383465333138383734306639
33386236336335656239636535356238613735383738363437323836633837336535623834616231
66646332346461396161396533346335326331333530363032623064356234656238613932373237
38613334323362326331393465316438636435366264366633663934323865656630393066656134
66313432646131633731653833326666323865323831326338316630353462333739393834656130
65666563346336626366336164653733376633333137633832333565613232633961643861646131
64336235383566353165626336316164383765656361323064636563653561323263303136346161
63663964373566663335393164383738623061346131646662386666323131393763643564623463
39366331653038313166346636623466343464623738656537363661326336343630306436393536
64303131663030643665656664656365383131363265303830323432303063356434633336323138
66653637633465376134663430396335376364633738336432636131643634316565326464363230
65663561333934656436666665346631343031616462343034633963653638653963663438353563
63663039613637336164343333646330376438343736623066363736373731383232316538636434
65353763623530613363663937643539363338326437616363353635623534326337393839356331
38663664643339663637373735316363393666376464326638393565623036303464643435396262
32373736666462356462623135613238353063316161666361633764653864376363323737626464
35323239306261383061623862386438616536656534303161393439613730623563616633303338
39666335376239313263633861356139383063633661383437326636366466303530643432313731
30656132666363663866653631643662356237616336343832366639626531353837323434653930
39333630316365646135653465633035313932633737623136313732626666316562343665643231
37343137373364636630316461303966363065666332666639313639363939353833653762363037
65383433386337613630316437666134333435396534393335363035323262643966316565663632
31303837333665363263373336643635633931643730313163646361346634616463383938363865
39306239663362646333366334313966383262333263353430316130323264313036636336363134
38373764333866623434656439393465366133653765613536666463313834663834353131633332
30663938336263656466343666613663666237633635623466393062373434626664303965623932
33353031353637663966376165313362323136383466656561343064373331306130396135623637
63663931336661353934313763643838346565323039653434386264376135323333373035613230
34383639373630386565366664376234363531613432326430663635313436313431313534393137
31613135646630306530313730663634393063646464303964373166613237383166616566313261
63613130616431383366386364356238666637376136656165663235633262663934636130643663
65646633336361313437653233356135646230616165656232646333663332383963363166353431
63633661393035336531393064636637353837323263306464663538343464633235353435336337
38316537623934323337353963656265346331313337306537356436353565333465393566666263
34313435306637346133623461393030646431326563626565643539313230376139333837363131
33363463316563303035363236306634656630306161353236646633633534333835353036313234
66636538383162303136366436353939323463323638633564323465616466666137373933326364
32366639663035376235303865373263373737643361376162346165356566363135333733613237
34323439353539336165336663323563646162303161386563373764643536326338656462343866
34373130366439383363613236616139356433643337646266633539376562343833383630323661
35663038323961393564356262646231336162386636306536633638643466623736323265626464
31636265613238376265353432636166646431383937643138323337363334393130376136303635
62323239643937373065396435393265313066386531366464316661306136386433656531376265
37336537653239616138346166376164643933626136356631656362316364303733313438623464
37373565363536383331356131386435323732643035336330396439386536393430633036383436
62383638326662633830343561326466326331653133313932633634333330626564343430343337
33626434383336306331656138383564613961346461333635666532386661393936356161346564
35356332626534643235353932363837643336343439386533346263396633386438616530346361
31653566643531356332613238376165666339363163356664663664356662333232653632323133
38353464636432373339346562336233376665303131653833633162653663653261376533323963
33643761313163316334343437313130333030663138623937613163656437336463343862666432
38366663616662663133646432303933343865663064643834373134393965656163373430636262
66393464623765373138663166366633356163636135613534366431653234303163323062353461
37333463316561626134643961323635636163633331636435323238383662633561656561346133
61353166393336613063396364316231643165386163316531313262316438396662373038663732
34663231626337653034363563356164386430333031643563306538323037393339613537303236
35643533613665353037613463333731323133623037623365623338353766313861613533636164
61346431653939623465636635373934626631303639393930643265316164343138653839303135
39383632383238643063396239643432613235666539396131633035333937376464623362323365
65623732326139363135363066303332623263613130646136366265353366306537353766316136
61666234346339616537333262646431633539643437653634363864663334333366663539346166
32363862343162363863636435633061373033646330303237373033303865636436636336653663
63346430323036613966363738656233633535656261343135663930666237326236633531356466
34656233616634316437363636303337383034343931633035336231653638333061653663316534
61373865376466393365656237393430383931353665303837653639343532396133653735316435
64353561663236643137373430373738353439636662386234333161633064383831323335626538
62643031323763636232636439626331643566663235636331643435366236383032616639633639
64326138646332373033383134323032313263303433333666353962356564316465303866366237
30353264323664343561393561356431373062323330643633326539303336323733353339333735
64626364393365326364346639343832633336363565643533323862356136316535383538616336
35343136626234396463353362373638386631303035363938316339646331643034366366316562
63643139303739626635653165383961653564323262653465633338613933316261336630636465
39303834653064333030363536373837313462333237383732373961316366646631343635353038
35303565616662306335623330323062643464376363643339346436313533313562636331633635
31306535326131303333613539383336613631376438386661656565373639346632656533306166
37636666633134616130313933373732383239663935303736653135643863613564333561653531
65633130333530393766366363323165366139396130386530623837393161303032633130303065
36373564663330306564323330306664333235353035316565663534343630626266393361616131
63313766343563386338393835663832353665333933343030333932333332663231366661376134
61656537326432633364336431636531626434376537643363643936386361396466613133393662
64363631653439353564636537656262343030643034333236323933633263363436333539613630
37653833653331356666343535663164316561333864393835303033653836306539323338666266
37326531626265653934393762396465326235623437653763316162313638366366393132623865
38386335623433643936343461346135346365383738623666363662316632316331653262376332
36316132616538396639613733323338613162336236626336303034663136646263316231643566
30636466373565326638333466623763666334383432353265303662626230333533663437643134
61623039393565353866643138663266346139343866323563373733366435303666323763613561
36616231363433656436613539663763623065386530626438613034346636316331333131323631
62633036616538626262323766393836656364323563396561653964633634653133643636333361
64356638666561363239363731333161656134386461356531656437633238383333326531343061
65306138633364353837393339353435393466643030376535393535323664656161356239666465
32663263356235376239326532656238326539616265626133343333343165386266343763356333
33646533626131653133306563366238633938366637323130366433666537646166323262653661
35363233313861333230383463363664336336636364623036626436383539353735656239616231
64616330336136306236313730383639643261333664616133633965313537323162636332653531
39346235323763393435653165653230396461366238383537633562343839393465656336653261
38666138306435626337636164623635336435306533323532303566386236386563643033626130
35373361343139633162393765633634633433303334623966613333653134353038613364313463
63666331396431343532653736353661633930353130346166666465323761656431323265323833
66623265363839323363306335663732636430306532663036393835376662303930323462323033
38313161323730386436383432383565626336353866626563626131386134313962636639326337
34373435656434616337613238623637316639303161666563353939663762653135613433663263
64616237633734633735373161393563633633386461646431333638636131663539633062323861
63356664313934626233663338633462666137616332613331346131396131353166316432343036
30633032646631643663346232363831663630376236313265383661366639303439346135323333
37333963623138633733623661626337636433333065616464396434623230343432363638313333
37353365356234653638386334346563336139303963643162366365303365633337666534663063
63306262666637343462313036656638333735313939616261343333363533616138623664356434
65613239373237343833303966386561393761666265373638616662303734313164653530306563
30613665303336356436333334313634323765386363336337366639633638343833363031393439
61626465373837313435656465326637393537303462333262383834316239646366393830343361
39613132386439306237613064396235336564376535333734386166363663353964613063663665
35653135316166333532643636636131646436326563366233646666366637663232326635626339
30613466303564326163356666366465643062626433663463386366323030336562393333353165
37666162666563393365346131326137303731383338386539663261373232396430666534383966
63396164643935363461363138653762376264653738396431393264663462386563343233666534
31333033626135646461616539636265373935356166666633356164666362386334343436633531
30336463326264653437656432393235363863666533643836396232303233636565653463323534
66393132386231393033366466633838646462336266353965653464373239346539363966643433
30646563666135363265333835353637653466663737653532376162363733396333393165306166
30633532353966343930393265303731656263313333313130376566356564343566613238313665
62356462653138613132306565346435383362616132633065336131643739353766643538373139
36373163346133386338373431303534363662353932316633363031663433653963653035346439
61346631346465353965616261373134373632663466373531643437333339623330663366356232
36396335363563303934623633653361633563313432303462393861353264343039643239303033
37376535333465343736666132613133616634613462386361313065636462336566393261643638
32616330653261316430656262393130363365616536666634633065656639616338333563316265
32323532313435383333343737303330396663386465633235326164396264656136333439363733
65343565373036396339343333336363326338373738313265633963333539393434623639313532
64353365366336343065316666633664336265353536303933313163376231613564633736326262
66333036306632343337613034356262333835316366316561313736616461303433643730346437
62633939656366653735313136313334663331353337386432653335663535306437323266623538
38636463303062376534333534336563386337663335653733623034633366356437376562643835
36316436633030346237316165333261303333343439616631636564643965396263663533366639
33376663396535333066373433623263353662336234343637396635333036376364366433313332
62613131393132623034333735373333663938386330663636386635353866323130346338336566
35356233616535643731623466303831663265623262646339393437663130363364386666613435
38633963303733613962363837333863353134616136646432643731396633326465383363646639
66386564366532393339613564643331306262323338313766646466646237316466613662353134
39626366313861323136303761633065316437636436303030653435376261353535343830333061
64333838333633646634313231646338313465303936633539353536393662626138333061636438
34636338376138663065393361663938656433303436353136386330656635363334306566353932
34343333623430333834663130313639366636656137326433363663626434616639653937366135
32373565646161316466623732646263376238393538373630653237616234343037376265383263
62626232653663653637376534343136346639643835326236643539623133616661313964323062
66323037366666386662636432346239366334636136643731613132363434363131666532346231
36333765646538646130336237643839346532396534376165346433373563616131356537656464
61333233613866383666643531306338346339396264303965356136373835323330316564346633
61303238646130623936653862366135653136383664326136323131373037626536633065333530
63316464336139313135343632616361316338663937323966303739316131346137343136313536
37343436383866373539363362346461633534323638356332383137306236656136303631666361
30336539366134626632643634656435616364666331663762356138373238653439613063376566
64396464653137626134373530623830623933353264343431386461396331336164623930613137
30333236666537643461323734623830613834313138636139636135363561666534353632666231
34333430323861333230343436393232396162396661316334653465303931346361663939313932
35396263306266323136373536363836343430643764376362373231646339393563393838393733
66323761666666333530396162323632663038656632613063646231386538393862336331353636
63386364393935343338393862613430386336366535353231356134383064346432393362346163
31643839653436646363653765346266613838386437323431346263613562343035656561393239
66623966633630366331373361353861313334303332636532653235333362353966393766333562
39326132326137613265313337313935633336306533623931376165623062386334383238303531
33356261393535373934666435663334653434646563613766613335396431313932653664376539
32346235626566393231343436363431666633643764646438656635373563326334383232326631
30386131646133333163646638313462613737383832346139373336616462663831373636323566
32373635643131306633373062363534633165613339633131303265616435323464333231646664
39323638373932663461633333353239623130626130303330396237336166383731353339343837
36623161383164373238306433373234653266623465323364656332336562613639633631663932
63393232656562373466663965663437333664313339613364623762373433356433666236356339
37343365626365623765616634373236306162333063393631313733363665353230663465383765
30396439623562383530366531353935396462633732346261393231613633396363643166346433
63303739336534626439663733346664376465316531323932333661656230613633303237623164
63626132383834303465386466383136336161366334343562326531663331376561303664363364
34393336383436383763313362396163303237613965616238323261373730336434656262633566
32653935383263326461363731626162633631383164393138353734366661383931303361353539
37646431663462393936356163303238396236653036643736306562353037316136356232626432
32396534326331393936353862333862303461306230393431393062383062656530646238613065
38323234316638666664663333376239323034363661313866343766663032396537343432613663
62663063623430303866656339383663666437373239653135326338323037353561656462653331
64373833366466396437373431353437376262303135323636363432386464343132373638636333
39663263313537613935623765313261636164303863373231343036653164376635373836333938
39303966333737323261336233326237616630633937313161393263326237396431653165373930
33653437653538303231333631373431336263373235633730656336336532326632353839326265
36663238653064356664373436646236373233326161326439643630633666363236366639333631
65393763363535386436623062663333306463343166306134343961333337646237363234386133
36323037316539316563353536356335363631386163653232343962323735633139616131396138
63616132386661363465383736373937323539383232383261613636306632373263323334656562
64353463373436663661393431306235303436353131643563623636383333386231326230646532
39396136613630373863396563353966336239376430326633343235366130333039656636373965
35366130343238656530386336306561326562363236303864323733663935656266656536303030
34343537306639643165346137313230356436306339346136396235363934366633616339363562
65366535636136353234306239383031363438653462623139616363383335633437616665363235
32633566336463356135353234653732313863303561653561646662373061383130366533633833
31393731636635383336313435346336646366663839646662323936643936343833353666663661
61383536653535336637383964643237663835623030393430656537306239646339656266633931
30323164323063313530373431303132303437323439646434353465396431333638363264633331
35306165653961663233643266333366383963653663363563303962333762616237356135333861
30366335336662393064383137366239613835323934663637666133633761343363383564353561
33393435626335626131396232323534323230343866643536383833316535646463333966663735
30643461616264623737363535333439633662623864623539373965373563336665646137623832
63643039333465613939663561323062643430333462613034353139363861623566353636393138
62333030343832333631646133663936356366363234663562646439313966396338373331303135
36613235376166303166313262636438613333396433353138343663663533613534383563343433
65636637336461646332306266393031646561346261366665663962326530373566353364623431
38643336643165336131363632616163626665376435336434383036376464643534386135323431
63373233616336656536346134366634646133623037393338353362656231376434383965376261
34346436323062376430316532343730306331383463306136336132633264373138373264313762
35393235393562306432643066313338316235393734613665646534373939306636623435313032
31313637623236643665356235616562656232363765393633663130363764393332346334303061
61303464636637393731623932626138653164306264633632383639383637393461613538613330
38393334306537313834616465646330386666626232363838626432363339376231656662643636
30346362626165313335646365386664346239393136343363363835663230343166613738623563
65363238393638646538376139323337336461386537366332656532636661656337643134636639
66653833376565616661643566306561373231383333663666663433626234303064643733313235
36376363656562663337343737326663346263366539326238613465336463623535666438383935
33663639343535633563616565383437383365383231323163393039343265666439396265653863
64613932393037353265323833626433303239326662643462626133383236626637333835383234
33653939373362356561613733653133366564643663303931363163636434373134336662303732
62653731626364306366333830323766393235623733653939306131326538343931633664363563
33626433363133303561656333313665636661663466303936343738383063613036346162393130
63656135353534666638366632343766613266393461306334383838626436616666356564313237
37333466643031656464666262653933306131396364353964643761346536653564616562653633
39356634303633633533373164393037373564386433306564323630313237343633356666353237
30333566383636616633613131626635653335303963653739393231643261653636623665316265
31653164623263666566326133333332633438656337383866323539613239653437326565383133
65613866323265376631643635623733356665393366643662636433373763343861313138326430
61386131353965646565653131386131646162356633313966386361656165326238333638366462
30383361653666666437333464643330323339626264373134336662323030363466646432613033
63313533616364363965383033343766313633383331393538613365356239653966633131656362
32643264306165383338663738636330633430616332333238303737396162656566343236653035
62343934313833383263633334373337386437366433643263326436346135623338653865303633
63623439313165373162323863336337363837636437623632366232666139323266373531333831
38636562666235346131333430663134373465353831616536656138363363356130383432383332
37636435326131656664613032383234373362333234346534343731646533363861383864633534
35313737316437633031346632363162613038343264633764373161656363303264373030386139
35663466366336653566313835393337323863336162653735306338636139643863666537653630
37643364396164303166636536393362393563336361323433313461613538346538323263386634
62333832613164613336326133666430323032623262646364396165663565396136623232663538
30313035343934663362303038306335303461626662313763386563633961386462386536363631
31396338666632316231353434663933633731313765323839326634363030613463386362333237
32646665393736336563386464373463626439356232633365366261383562336664343938613866
62633665303262366635633436653630363761326439386437393865326539653534623763343438
63373031363538373763656632346235623637663038363763663132383661643365326631623835
38666333336563353962646432353630323933366535636566643033616538346434386534363733
33626438653536636166666436376262333339653532613537363432333236373262316335626436
65393438313231656332363964343536343331663561393339383036333366623834343132353537
62386462656339343633343361323163316137643163383732653836353834343862313230346232
66303339323231353436383633313564663136383262333536393866633264656330323063386433
64333337316430313830373566633939666636363535333834646366396261626630653533323263
30366664316135633139363436663761383631313530343935323539333330393365316463343463
66383465353736363864343165613066656135636533386434613162636462643834323263353935
39363335653338363132353266326339383265663932623336623639373261316233333839626532
39626265393961306538653663393339643561313765353232306561643432633362653437363437
37386233346633643265633938393561626262633036393732346130333462333365303861613465
32333963373263656166313262313331613439316530303639343931373566663464613763613131
34363537316561626338316361383434366564313464306230636138356539616236333934356638
30623237643634616537323430386164316434363965353738613437643234326630333333386661
62363931643065616362333532386134313864666332363236323639313930393138383336386533
30343039376539616334623438663439626365633163373065656661313432646134643934373331
31353661326665306463366135646136353534396433656139313531663866353836363637616634
31373031306561323135373439656130363336313831363730333530616533353165353566383966
31313065393762373231313064633539633865363765613632323334326264663838303533613961
64373438613665336163613164396164663734356566376637373736643363626261626430326333
32393063306135323133336534643263653438326230343734643937373632306236323864316339
39363933376131386130333838363461383032353231336262663435643265303563383134336235
31643833613466626533636137343836663264393534353733613132646332366535626133616635
64386338653834326263663439613961353031323932383231616433373364653235326561613939
30356463373634626161396566316331376332636562643130323833303765623131353939333335
61626533343466326134346239333566396439306465363963343039386465333439616335383437
373330666631656438646135323366343435
